P0: 930.4514 0.0 991.6883 0.0 0.0 930.0891 541.6057 0.0 0.0 0.0 1.0 0.0
P1: 929.8429 0.0 972.1794 0.0 0.0 930.0592 508.0057 0.0 0.0 0.0 1.0 0.0
P2: 1970.0131 0.0 970.0002 0.0 0.0 1970.0091 483.2988 0.0 0.0 0.0 1.0 0.0
P3: 930.0407 0.0 965.0525 0.0 0.0 930.0324 463.4161 0.0 0.0 0.0 1.0 0.0
P4: 922.5465 0.0 945.057 0.0 0.0 922.4229 517.575 0.0 0.0 0.0 1.0 0.0
P5: 933.4667 0.0 896.4692 0.0 0.0 934.6754 507.3557 0.0 0.0 0.0 1.0 0.0
R0_rect: 1.0 0.0 0.0 0.0 1.0 0.0 0.0 0.0 1.0
Tr_velo_to_cam: 0.005931394709858588 -0.9998280911564553 0.017567204992116402 -0.037834875608448976 0.00501340511147784 -0.017537560819330566 -0.9998336360263622 1.8092682981018835 0.9999698417082307 0.006018479454767047 0.004908521067335433 -0.4467289723385415
Tr_velo_to_cam0: 0.9995314836536529 0.0288721260434377 0.010159405635152278 0.09080939004248023 0.009635942959177118 0.018212048405657946 -0.9997877124150695 1.5767761229245947 -0.0290510204367283 0.9994171909821254 0.017925305603614692 -0.562816020327368
Tr_velo_to_cam1: 0.8466503565626164 -0.5321493871902909 -0.0004510492126655178 -0.5132571944104729 0.0028368153445268588 0.005360960113344695 -0.9999816061235147 1.5331440271349177 0.5321420169570295 0.8466335038372039 0.006048468338643285 -1.0918309526454744
Tr_velo_to_cam2: 0.005931394709858588 -0.9998280911564553 0.017567204992116402 -0.037834875608448976 0.00501340511147784 -0.017537560819330566 -0.9998336360263622 1.8092682981018835 0.9999698417082307 0.006018479454767047 0.004908521067335433 -0.4467289723385415
Tr_velo_to_cam3: -0.8453251974438859 -0.5341276500510302 -0.011531002446437826 0.680871975725803 0.017747736925683124 -0.00650343946524113 -0.9998213455958711 1.5818606236282877 0.5339572346175976 -0.8453788255723502 0.014977078267858535 -1.1551484754889003
Tr_velo_to_cam4: -0.9996558049618851 -0.02603950951119056 -0.0031961774703668936 0.42598419494005224 0.0035801950218201364 -0.014714246887346499 -0.9998853299964672 1.5413371847266104 0.02598949421614824 -0.9995526173658668 0.014802408838900672 -0.7307454753004222
Tr_velo_to_cam5: -0.03216234192946175 0.999480555417994 -0.0020501470559164403 0.007633922764633233 -0.00016876094404567245 -0.002056638747940894 -0.9999978708761355 1.6565662748779344 -0.9994826438119654 -0.03216192746709959 0.00023481960072434333 -1.081252643804529
Tr_imu_to_velo: 1.0 0.0 0.0 0.0 0.0 1.0 0.0 0.0 0.0 0.0 1.0 0.0