P0: 930.4514 0.0 991.6883 0.0 0.0 930.0891 541.6057 0.0 0.0 0.0 1.0 0.0
P1: 929.8429 0.0 972.1794 0.0 0.0 930.0592 508.0057 0.0 0.0 0.0 1.0 0.0
P2: 1970.0131 0.0 970.0002 0.0 0.0 1970.0091 483.2988 0.0 0.0 0.0 1.0 0.0
P3: 930.0407 0.0 965.0525 0.0 0.0 930.0324 463.4161 0.0 0.0 0.0 1.0 0.0
P4: 922.5465 0.0 945.057 0.0 0.0 922.4229 517.575 0.0 0.0 0.0 1.0 0.0
P5: 933.4667 0.0 896.4692 0.0 0.0 934.6754 507.3557 0.0 0.0 0.0 1.0 0.0
R0_rect: 1.0 0.0 0.0 0.0 1.0 0.0 0.0 0.0 1.0
Tr_velo_to_cam: 0.005371509944197319 -0.9998071886735227 0.01888735973255002 -0.037496383375523676 0.0021073532658029714 -0.018876272464392857 -0.9998196064291113 1.816710688384275 0.9999833528330022 0.005410343297552453 0.002005552858972513 -0.4317283667705265
Tr_velo_to_cam0: 0.9996024619156363 0.027774498872565265 0.004847199663379757 0.11545013957045303 0.004380329698641548 0.016845560557358176 -0.9998485084257711 1.5877043758216554 -0.027851945065471135 0.9994722628977184 0.01671720234320787 -0.5640734765993147
Tr_velo_to_cam1: 0.8462270978619347 -0.5328146138807078 -0.0028785550749472048 -0.49747623574354716 -0.0008734286219970059 0.004015302411311191 -0.9999915571988536 1.5418477543446174 0.5328216737020086 0.8462224675472153 0.002932482172580195 -1.0824369355580736
Tr_velo_to_cam2: 0.005371509944197319 -0.9998071886735227 0.01888735973255002 -0.037496383375523676 0.0021073532658029714 -0.018876272464392857 -0.9998196064291113 1.816710688384275 0.9999833528330022 0.005410343297552453 0.002005552858972513 -0.4317283667705265
Tr_velo_to_cam3: -0.8456049131634882 -0.5337324855041121 -0.009053438649075011 0.6711591609260106 0.015475864499541074 -0.007558789115993107 -0.9998516701616754 1.5880505347094025 0.5335848840173059 -0.8456195945132202 0.01465172083871542 -1.1486527757044311
Tr_velo_to_cam4: -0.9996645736978443 -0.02581288062138306 -0.0021060122348250674 0.42039647255899304 0.0024992777897431574 -0.015212463700031997 -0.9998811602179053 1.5443904792575829 0.025777775389600507 -0.9995510372873421 0.01527187459881269 -0.7304390343861233
Tr_velo_to_cam5: -0.03077705371859783 0.9995211257029234 -0.003208151798585175 0.006475220827724698 -0.0068667933679260095 -0.0034210353014038036 -0.9999705714001328 1.6686374023428707 -0.999502686396212 -0.0307541182775051 0.006968794424323791 -1.1117972228032773
Tr_imu_to_velo: 1.0 0.0 0.0 0.0 0.0 1.0 0.0 0.0 0.0 0.0 1.0 0.0