P0: 930.4514 0.0 991.6883 0.0 0.0 930.0891 541.6057 0.0 0.0 0.0 1.0 0.0
P1: 929.8429 0.0 972.1794 0.0 0.0 930.0592 508.0057 0.0 0.0 0.0 1.0 0.0
P2: 1970.0131 0.0 970.0002 0.0 0.0 1970.0091 483.2988 0.0 0.0 0.0 1.0 0.0
P3: 930.0407 0.0 965.0525 0.0 0.0 930.0324 463.4161 0.0 0.0 0.0 1.0 0.0
P4: 922.5465 0.0 945.057 0.0 0.0 922.4229 517.575 0.0 0.0 0.0 1.0 0.0
P5: 933.4667 0.0 896.4692 0.0 0.0 934.6754 507.3557 0.0 0.0 0.0 1.0 0.0
R0_rect: 1.0 0.0 0.0 0.0 1.0 0.0 0.0 0.0 1.0
Tr_velo_to_cam: 0.005924943825455669 -0.999773011642917 0.020465097877034887 -0.03831714136011305 0.0037584844427440054 -0.020443048008470265 -0.9997839544535694 1.813470669861849 0.9999753841147082 0.006000581519719379 0.003636507399464004 -0.4508322633315802
Tr_velo_to_cam0: 0.9995718784426885 0.028344148001523874 0.007257348043387009 0.08352029957136331 0.0068455823193736155 0.014597480085122162 -0.999870017341191 1.5840085062733475 -0.02844640274733886 0.999491632205709 0.01439719839079828 -0.5628283688523509
Tr_velo_to_cam1: 0.8465365533114367 -0.5323305186326152 -0.0002878192560023166 -0.5177154177079899 0.0010508449032161265 0.002211778160948725 -0.9999970018766837 1.538509415647522 0.53232955923242 0.8465337128370598 0.002431747873390447 -1.0944440477693473
Tr_velo_to_cam2: 0.005924943825455669 -0.999773011642917 0.020465097877034887 -0.03831714136011305 0.0037584844427440054 -0.020443048008470265 -0.9997839544535694 1.813470669861849 0.9999753841147082 0.006000581519719379 0.003636507399464004 -0.4508322633315802
Tr_velo_to_cam3: -0.8453476382331425 -0.5341324002936175 -0.00948417050808323 0.6834352236585586 0.016765619198999628 -0.008781165166864141 -0.9998208865347765 1.5852026880367607 0.5339534479208106 -0.8453552330794971 0.01637819765991417 -1.1571435127583198
Tr_velo_to_cam4: -0.9996574502961721 -0.026032353197745845 -0.0027016021809133386 0.4275002395568186 0.0031135237303919526 -0.015795927755873358 -0.9998703889186394 1.5430239897714741 0.02598630480342265 -0.9995362951155496 0.015871569214938108 -0.730945049596402
Tr_velo_to_cam5: -0.03130184090982283 0.9994922437963525 -0.005953935386643503 0.007701615153368757 -0.0038938001459490313 -0.006078749881929 -0.99997394322067 1.6653309406781973 -0.9995023927315428 -0.031277841850184514 0.004082099106504221 -1.0721268047330614
Tr_imu_to_velo: 1.0 0.0 0.0 0.0 0.0 1.0 0.0 0.0 0.0 0.0 1.0 0.0