P0: 930.4514 0.0 991.6883 0.0 0.0 930.0891 541.6057 0.0 0.0 0.0 1.0 0.0
P1: 929.8429 0.0 972.1794 0.0 0.0 930.0592 508.0057 0.0 0.0 0.0 1.0 0.0
P2: 1970.0131 0.0 970.0002 0.0 0.0 1970.0091 483.2988 0.0 0.0 0.0 1.0 0.0
P3: 930.0407 0.0 965.0525 0.0 0.0 930.0324 463.4161 0.0 0.0 0.0 1.0 0.0
P4: 922.5465 0.0 945.057 0.0 0.0 922.4229 517.575 0.0 0.0 0.0 1.0 0.0
P5: 933.4667 0.0 896.4692 0.0 0.0 934.6754 507.3557 0.0 0.0 0.0 1.0 0.0
R0_rect: 1.0 0.0 0.0 0.0 1.0 0.0 0.0 0.0 1.0
Tr_velo_to_cam: 0.004885074788690932 -0.9998243519979367 0.018094231020279943 -0.03670956587376732 0.0015289039415834135 -0.01808695809885216 -0.9998352486282267 1.818521512612256 0.9999868991627072 0.004911934307045187 0.0014402792496479586 -0.456503420985654
Tr_velo_to_cam0: 0.9996313449862462 0.02684451453608391 0.004067697175389965 0.0741170309814585 0.00358393337050766 0.018044529198607002 -0.9998307608728572 1.5900335532704188 -0.026913371074327848 0.9994767466056041 0.017941668040986188 -0.5640088658338704
Tr_velo_to_cam1: 0.8458813609343273 -0.5333566190401722 -0.003929395618597177 -0.5227063665247291 -0.0015249345961274152 0.004948713653795325 -0.999986592313942 1.543966070254104 0.533368913415816 0.8458760116939181 0.0033726906798987365 -1.0995250113836426
Tr_velo_to_cam2: 0.004885074788690932 -0.9998243519979367 0.018094231020279943 -0.03670956587376732 0.0015289039415834135 -0.01808695809885216 -0.9998352486282267 1.818521512612256 0.9999868991627072 0.004911934307045187 0.0014402792496479586 -0.456503420985654
Tr_velo_to_cam3: -0.8458164665757351 -0.5333979500714611 -0.009007315299361949 0.6879844411673228 0.015027932292364068 -0.0069456430079384915 -0.9998629502557953 1.5892406174108782 0.5332622864223151 -0.8458359089698012 0.013890607505630592 -1.1583587669743598
Tr_velo_to_cam4: -0.9996697450034885 -0.025627778729579238 -0.0019020730922357377 0.4296065129807687 0.0022849487387192296 -0.014918877185202057 -0.9998860965694011 1.545114110845042 0.025596482842802703 -0.9995602253295799 0.014972508312153642 -0.7302873460822142
Tr_velo_to_cam5: -0.0295997924094645 0.9995603295637906 -0.001732007979975792 0.00706352003083241 -0.00782592924349145 -0.001964461195023972 -0.9999674473320064 1.6718670408401854 -0.999531193670709 -0.029585274285349086 0.007880636057336564 -1.0606506092047356
Tr_imu_to_velo: 1.0 0.0 0.0 0.0 0.0 1.0 0.0 0.0 0.0 0.0 1.0 0.0