P0: 930.4514 0.0 991.6883 0.0 0.0 930.0891 541.6057 0.0 0.0 0.0 1.0 0.0
P1: 929.8429 0.0 972.1794 0.0 0.0 930.0592 508.0057 0.0 0.0 0.0 1.0 0.0
P2: 1970.0131 0.0 970.0002 0.0 0.0 1970.0091 483.2988 0.0 0.0 0.0 1.0 0.0
P3: 930.0407 0.0 965.0525 0.0 0.0 930.0324 463.4161 0.0 0.0 0.0 1.0 0.0
P4: 922.5465 0.0 945.057 0.0 0.0 922.4229 517.575 0.0 0.0 0.0 1.0 0.0
P5: 933.4667 0.0 896.4692 0.0 0.0 934.6754 507.3557 0.0 0.0 0.0 1.0 0.0
R0_rect: 1.0 0.0 0.0 0.0 1.0 0.0 0.0 0.0 1.0
Tr_velo_to_cam: 0.00556979356334306 -0.9998651065883035 0.015451408570812073 -0.03793606429191679 0.003566925979149095 -0.015431684971414474 -0.9998745622016805 1.8090494705823055 0.9999781269801461 0.005624208931347224 0.0034804935247091046 -0.44315678849513773
Tr_velo_to_cam0: 0.999566269609901 0.028249719118096612 0.008320218019714977 0.09665900618865031 0.00771307137629737 0.021533497425067723 -0.9997383742852874 1.574789469341166 -0.02842149165844549 0.9993689318056638 0.02130626559291109 -0.5629223687826763
Tr_velo_to_cam1: 0.8464042852948799 -0.5325314972591619 -0.0031607374739098413 -0.5096102510121758 0.0012289024564856189 0.00788833162537554 -0.9999681315036599 1.5323290108998728 0.5325394592264653 0.8463734274249656 0.007331146956682683 -1.089438526125348
Tr_velo_to_cam2: 0.00556979356334306 -0.9998651065883035 0.015451408570812073 -0.03793606429191679 0.003566925979149095 -0.015431684971414474 -0.9998745622016805 1.8090494705823055 0.9999781269801461 0.005624208931347224 0.0034804935247091046 -0.44315678849513773
Tr_velo_to_cam3: -0.8454996256547109 -0.5338530477375028 -0.011458902177936266 0.6784529458643762 0.016617552873926945 -0.004857048221682498 -0.9998501217777864 1.5818279977760616 0.5337173783513386 -0.8455633225867548 0.01297796370090425 -1.1537062458243739
Tr_velo_to_cam4: -0.9996611164661008 -0.025893362389794172 -0.0026806734042271515 0.42464581179322547 0.0030421322292988437 -0.013930226719044446 -0.9998983419403475 1.5413945544634826 0.025853387732535447 -0.9995676478196498 0.014004277026836449 -0.7307225526036315
Tr_velo_to_cam5: -0.0314486631003519 0.9995032158640151 0.0020743834488095385 0.0074123265729494625 -0.002397003467044586 0.001999984346777814 -0.9999951272066238 1.6533187860136835 -0.9995024942257923 -0.03145348216183367 0.002332915839820364 -1.0884234430204978
Tr_imu_to_velo: 1.0 0.0 0.0 0.0 0.0 1.0 0.0 0.0 0.0 0.0 1.0 0.0