P0: 930.4514 0.0 991.6883 0.0 0.0 930.0891 541.6057 0.0 0.0 0.0 1.0 0.0
P1: 929.8429 0.0 972.1794 0.0 0.0 930.0592 508.0057 0.0 0.0 0.0 1.0 0.0
P2: 1970.0131 0.0 970.0002 0.0 0.0 1970.0091 483.2988 0.0 0.0 0.0 1.0 0.0
P3: 930.0407 0.0 965.0525 0.0 0.0 930.0324 463.4161 0.0 0.0 0.0 1.0 0.0
P4: 922.5465 0.0 945.057 0.0 0.0 922.4229 517.575 0.0 0.0 0.0 1.0 0.0
P5: 933.4667 0.0 896.4692 0.0 0.0 934.6754 507.3557 0.0 0.0 0.0 1.0 0.0
R0_rect: 1.0 0.0 0.0 0.0 1.0 0.0 0.0 0.0 1.0
Tr_velo_to_cam: 0.004754561887933225 -0.9998231519086764 0.018195028130064003 -0.039271920566982414 0.0008096624247241458 -0.018191378830236887 -0.9998341953459148 1.816913478121799 0.9999883692263687 0.004768505390037906 0.0007230272009945061 -0.46284705285832417
Tr_velo_to_cam0: 0.999639227439848 0.026640310715809176 0.003421813616941652 0.06362614406758715 0.0029358987947088262 0.018257628695107504 -0.9998290051267263 1.586367687422679 -0.026698229561736703 0.999478340355306 0.018172828587539654 -0.559989992615173
Tr_velo_to_cam1: 0.8457909083483117 -0.533495372391441 -0.004519623021424954 -0.5308967790230199 -0.0022185889654309865 0.004954296121585041 -0.9999852662979302 1.5416989020273741 0.5335099035803744 0.845788473902818 0.003006691670605754 -1.1012017236413625
Tr_velo_to_cam2: 0.004754561887933225 -0.9998231519086764 0.018195028130064003 -0.039271920566982414 0.0008096624247241458 -0.018191378830236887 -0.9998341953459148 1.816913478121799 0.9999883692263687 0.004768505390037906 0.0007230272009945061 -0.46284705285832417
Tr_velo_to_cam3: -0.8458814740286968 -0.5333033817682237 -0.008487337015536727 0.6911237901229468 0.014464448677310341 -0.007029713146544479 -0.9998706730660414 1.5879859136180086 0.5331747477323925 -0.8458948434218367 0.013660243513420506 -1.1626895143364506
Tr_velo_to_cam4: -0.9996715875997236 -0.025574347606467165 -0.0016339187104947423 0.43196065704629816 0.002016942504363514 -0.014958251875990135 -0.9998860848335419 1.5445842235587286 0.02554699373278632 -0.9995610053645142 0.015004921389296275 -0.731279954593471
Tr_velo_to_cam5: -0.029360821320294564 0.9995680246853864 -0.0013062151252572565 0.011779439139287765 -0.008438617107870047 -0.0015546033173406619 -0.9999631857972736 1.6670052937260733 -0.9995332570318534 -0.029348717775763533 0.008480616263814026 -1.047607254296694
Tr_imu_to_velo: 1.0 0.0 0.0 0.0 0.0 1.0 0.0 0.0 0.0 0.0 1.0 0.0