P0: 930.4514 0.0 991.6883 0.0 0.0 930.0891 541.6057 0.0 0.0 0.0 1.0 0.0
P1: 929.8429 0.0 972.1794 0.0 0.0 930.0592 508.0057 0.0 0.0 0.0 1.0 0.0
P2: 1970.0131 0.0 970.0002 0.0 0.0 1970.0091 483.2988 0.0 0.0 0.0 1.0 0.0
P3: 930.0407 0.0 965.0525 0.0 0.0 930.0324 463.4161 0.0 0.0 0.0 1.0 0.0
P4: 922.5465 0.0 945.057 0.0 0.0 922.4229 517.575 0.0 0.0 0.0 1.0 0.0
P5: 933.4667 0.0 896.4692 0.0 0.0 934.6754 507.3557 0.0 0.0 0.0 1.0 0.0
R0_rect: 1.0 0.0 0.0 0.0 1.0 0.0 0.0 0.0 1.0
Tr_velo_to_cam: 0.005430109881948109 -0.9998176645827704 0.018307143275905276 -0.038905567246298525 0.0011785987629466712 -0.01830100152665696 -0.9998318279831249 1.81661944649658 0.9999845622866514 0.005450773465835395 0.001079007413410081 -0.43477205011619446
Tr_velo_to_cam0: 0.9995999871801062 0.028050298900802007 0.0036119746824734285 0.11029480501721878 0.0031107356361472003 0.017892418573631212 -0.999835078741183 1.5857751913541571 -0.028110299773093213 0.999446367790269 0.017798004312427586 -0.5614156230556531
Tr_velo_to_cam1: 0.8462891891858012 -0.5327075504037986 -0.004156201393512334 -0.5016470919488878 -0.0019196039526773291 0.004752338741370691 -0.9999868651123133 1.5411714662034826 0.5327203050268535 0.8462860515329741 0.0029992653807947222 -1.082952902288644
Tr_velo_to_cam2: 0.005430109881948109 -0.9998176645827704 0.018307143275905276 -0.038905567246298525 0.0011785987629466712 -0.01830100152665696 -0.9998318279831249 1.81661944649658 0.9999845622866514 0.005450773465835395 0.001079007413410081 -0.43477205011619446
Tr_velo_to_cam3: -0.8455939943596551 -0.5337560201574586 -0.008677997957730974 0.6726054663798395 0.014747690994727882 -0.007107599386407456 -0.9998659848406117 1.5880259203942144 0.5336228090263831 -0.8456086523780567 0.013881812207318406 -1.150862152732484
Tr_velo_to_cam4: -0.9996648404078665 -0.025828078280403566 -0.0017655663839499657 0.421521423272071 0.002153464969780044 -0.01499838726507143 -0.9998851988943885 1.5444501189137398 0.025798632540092507 -0.9995538798643064 0.015048980273526464 -0.7309938155393277
Tr_velo_to_cam5: -0.03120287149601125 0.999511384205095 -0.001836751158368278 0.009729560525803732 -0.008329894099740123 -0.002097624940634079 -0.9999631057363544 1.665511469889107 -0.999478360783609 -0.03118642034640705 0.008391275903382673 -1.1053639320767212
Tr_imu_to_velo: 1.0 0.0 0.0 0.0 0.0 1.0 0.0 0.0 0.0 0.0 1.0 0.0