P0: 930.4514 0.0 991.6883 0.0 0.0 930.0891 541.6057 0.0 0.0 0.0 1.0 0.0
P1: 929.8429 0.0 972.1794 0.0 0.0 930.0592 508.0057 0.0 0.0 0.0 1.0 0.0
P2: 1970.0131 0.0 970.0002 0.0 0.0 1970.0091 483.2988 0.0 0.0 0.0 1.0 0.0
P3: 930.0407 0.0 965.0525 0.0 0.0 930.0324 463.4161 0.0 0.0 0.0 1.0 0.0
P4: 922.5465 0.0 945.057 0.0 0.0 922.4229 517.575 0.0 0.0 0.0 1.0 0.0
P5: 933.4667 0.0 896.4692 0.0 0.0 934.6754 507.3557 0.0 0.0 0.0 1.0 0.0
R0_rect: 1.0 0.0 0.0 0.0 1.0 0.0 0.0 0.0 1.0
Tr_velo_to_cam: 0.0056337092412091175 -0.9998605875889172 0.015718355719708203 -0.03920333545720421 0.0015404678410330314 -0.015709908901093507 -0.9998754050986302 1.8122668989377937 0.9999829439940545 0.005657220931261918 0.0014517480217424805 -0.438816494731169
Tr_velo_to_cam0: 0.9995899397546903 0.02817445526513709 0.005113942874850125 0.10353168022237114 0.004480919404753659 0.022485496007032934 -0.9997371273642915 1.5789619222394586 -0.028282038513914563 0.9993500900784621 0.022350028135708435 -0.5617011794276137
Tr_velo_to_cam1: 0.8463926957966572 -0.5325328706651328 -0.005305295771230282 -0.5058968594620064 -0.0012141260052034024 0.00803235549508835 -0.9999670030372222 1.535937844659886 0.5325579127194628 0.8463712087059398 0.006151965014184695 -1.0855670359245297
Tr_velo_to_cam2: 0.0056337092412091175 -0.9998605875889172 0.015718355719708203 -0.03920333545720421 0.0015404678410330314 -0.015709908901093507 -0.9998754050986302 1.8122668989377937 0.9999829439940545 0.005657220931261918 0.0014517480217424805 -0.438816494731169
Tr_velo_to_cam3: -0.8455031672927508 -0.5338767734027046 -0.009999245923783023 0.6750849732183397 0.015029272077078739 -0.005074784109384984 -0.9998741758576808 1.5845490454511835 0.5337588548012668 -0.8455470639694519 0.012314525320914127 -1.1527487912500942
Tr_velo_to_cam4: -0.9996625433515266 -0.025905574295797772 -0.0019237048530733373 0.42302265277207685 0.002287837337353514 -0.01403384902269158 -0.9998989033306946 1.54279187683317 0.025875958345047908 -0.9995658819217537 0.014088380947154769 -0.7311651592697541
Tr_velo_to_cam5: -0.03130731983207205 0.9995022539156434 0.0038853754620932395 0.008822197323755276 -0.0063504581284993524 0.003688290696564442 -0.999973033733058 1.6576039668768339 -0.9994896314652248 -0.031331149504713565 0.006231826716361035 -1.0968422242904081
Tr_imu_to_velo: 1.0 0.0 0.0 0.0 0.0 1.0 0.0 0.0 0.0 0.0 1.0 0.0