P0: 930.4514 0.0 991.6883 0.0 0.0 930.0891 541.6057 0.0 0.0 0.0 1.0 0.0
P1: 929.8429 0.0 972.1794 0.0 0.0 930.0592 508.0057 0.0 0.0 0.0 1.0 0.0
P2: 1970.0131 0.0 970.0002 0.0 0.0 1970.0091 483.2988 0.0 0.0 0.0 1.0 0.0
P3: 930.0407 0.0 965.0525 0.0 0.0 930.0324 463.4161 0.0 0.0 0.0 1.0 0.0
P4: 922.5465 0.0 945.057 0.0 0.0 922.4229 517.575 0.0 0.0 0.0 1.0 0.0
P5: 933.4667 0.0 896.4692 0.0 0.0 934.6754 507.3557 0.0 0.0 0.0 1.0 0.0
R0_rect: 1.0 0.0 0.0 0.0 1.0 0.0 0.0 0.0 1.0
Tr_velo_to_cam: 0.004914189831450785 -0.9998449293932257 0.016910585588796552 -0.03806860686180008 0.0017825144418587935 -0.016902004447592524 -0.9998555620127931 1.811118589534959 0.9999863365969385 0.004943623398795252 0.00169917836787515 -0.4764508461389566
Tr_velo_to_cam0: 0.9996144986256982 0.027183762476837424 0.005647760166360755 0.04116516671656153 0.0051419914692171385 0.01863962223077661 -0.9998130447272751 1.5781989587184928 -0.027283952445060947 0.9994566561590839 0.018492657956033123 -0.5616862073802632
Tr_velo_to_cam1: 0.8459586031558481 -0.5332346271248671 -0.0038567060569980136 -0.5441551656859106 -0.0008209411848227826 0.005930137550055258 -0.9999820796015338 1.5350787324621264 0.5332479421452813 0.8459466093694338 0.004578896611786363 -1.1113991103647693
Tr_velo_to_cam2: 0.004914189831450785 -0.9998449293932257 0.016910585588796552 -0.03806860686180008 0.0017825144418587935 -0.016902004447592524 -0.9998555620127931 1.811118589534959 0.9999863365969385 0.004943623398795252 0.00169917836787515 -0.4764508461389566
Tr_velo_to_cam3: -0.8458006541793963 -0.5334114298674089 -0.009669533417462205 0.7005865413226786 0.015224666726047255 -0.006015610422959666 -0.9998660019994278 1.5832240856415394 0.533281785656313 -0.845834534006531 0.013209018478623453 -1.1675542163019634
Tr_velo_to_cam4: -0.9996692350265598 -0.0256396949316041 -0.002006635299962653 0.4370317204134723 0.002378398833776962 -0.014477271187519743 -0.9998923701268807 1.542331544964986 0.02560788473107978 -0.9995664133326898 0.014533464033823459 -0.7309609107173313
Tr_velo_to_cam5: -0.030121991983828655 0.9995450068363687 -0.0015636199696976625 0.009297776700688829 -0.005478775900066036 -0.001729412678303851 -0.9999834959370205 1.6581292167169652 -0.9995312144268246 -0.0301129281251691 0.005528376449319122 -1.0197515012137726
Tr_imu_to_velo: 1.0 0.0 0.0 0.0 0.0 1.0 0.0 0.0 0.0 0.0 1.0 0.0