P0: 930.4514 0.0 991.6883 0.0 0.0 930.0891 541.6057 0.0 0.0 0.0 1.0 0.0
P1: 929.8429 0.0 972.1794 0.0 0.0 930.0592 508.0057 0.0 0.0 0.0 1.0 0.0
P2: 1970.0131 0.0 970.0002 0.0 0.0 1970.0091 483.2988 0.0 0.0 0.0 1.0 0.0
P3: 930.0407 0.0 965.0525 0.0 0.0 930.0324 463.4161 0.0 0.0 0.0 1.0 0.0
P4: 922.5465 0.0 945.057 0.0 0.0 922.4229 517.575 0.0 0.0 0.0 1.0 0.0
P5: 933.4667 0.0 896.4692 0.0 0.0 934.6754 507.3557 0.0 0.0 0.0 1.0 0.0
R0_rect: 1.0 0.0 0.0 0.0 1.0 0.0 0.0 0.0 1.0
Tr_velo_to_cam: 0.004540963188899484 -0.9998708576411091 0.015415826067700483 -0.038791584525855266 0.001271245130781414 -0.015410200502257368 -0.9998804476817703 1.8129272719501055 0.999988881732759 0.00456001760004838 0.0012011038059722991 -0.4696148548868888
Tr_velo_to_cam0: 0.9996390492116399 0.02647929571094833 0.0045407257019972535 0.05254698433417715 0.003943652548791663 0.02255746936756649 -0.9997377697077896 1.5800732632555985 -0.026574779318425844 0.9993948206161484 0.02244490208919412 -0.5609689973114886
Tr_velo_to_cam1: 0.8456960768154901 -0.5336340346456111 -0.005732602091135152 -0.5375006372307628 -0.0015665533424452365 0.008259539707675253 -0.9999646623328458 1.5369198194115288 0.5336625259183126 0.8456751723159808 0.006149094146466124 -1.1062398593325071
Tr_velo_to_cam2: 0.004540963188899484 -0.9998708576411091 0.015415826067700483 -0.038791584525855266 0.001271245130781414 -0.015410200502257368 -0.9998804476817703 1.8129272719501055 0.999988881732759 0.00456001760004838 0.0012011038059722991 -0.4696148548868888
Tr_velo_to_cam3: -0.8459636769271526 -0.5331475413391702 -0.009957734877453299 0.6957803597739541 0.014827168526069537 -0.004851795762615158 -0.9998783001702642 1.5847535342735137 0.5330343444782818 -0.8460083683048741 0.012009511427737124 -1.1651797282955494
Tr_velo_to_cam4: -0.9996732080810757 -0.02549741896191068 -0.0018326677742963558 0.4345016630756626 0.0021881986722937156 -0.013922893060536585 -0.9999006774852169 1.543052998864785 0.025469370456701987 -0.9995779282652781 0.013974136589915703 -0.7311448859742852
Tr_velo_to_cam5: -0.02925388156549154 0.9995645909513351 0.0038521331288598874 0.010198204966559966 -0.007111468788683582 0.0036455593661654778 -0.9999680679444596 1.6596751019210163 -0.9995467159793082 -0.02928034175343641 0.007001725628885914 -1.0338681659947868
Tr_imu_to_velo: 1.0 0.0 0.0 0.0 0.0 1.0 0.0 0.0 0.0 0.0 1.0 0.0